#层厚，每层沉积时间（从沉积到沉积）
layer: [4.,4.1,10,10]
c1: [2.446e+16,1.e+10,2.446e+16,1.e+10,] #1/cm^3
c2: [1.0126e+10,1.34e+15,1.0126e+10,1.34e+15,] #1/cm^3

dep_t: [0,180,360,540] #s
#掺杂浓度、本征浓度、扩散系数、扩散系数对应的参考温度
d1_coff: 0.000022 #μm^2/s
d1_temp_ref: 1120 #℃
d1_exp_c: 1.0
d2_coff: 0.000021 #μm^2/s
d2_temp_ref: 1120 #℃
d2_exp_c: 1.0
#热历史过程
step_temperature: [1120,1120.0,1120,800.0,1120,1120] #℃
step_time: [0.0,140,160,180,200,540]

